0.8323069305098708
0.030790978147078735
0.022389061528392137
0.019603762671498746
0.05203135597860429
0.02623234737142791
0.04203505355491313
0.0030684788594058936
0.05491519694872325
0.03954360919826936
0.02358771609270304
0.004988705889321517
0.1866103208614359
0.008491112588696323
0.0043460509823804285
0.015433719213553394
0.52186837050986
0.0413814896898621
0.4952420244884668
0.0318678555916396
0.01137755077622291
0.7833839796120111
0.004221773700785142
0.18070854565984323
0.027138617841928954
0.4019936132306173
0.01948322164645467
0.011133402469763876
0.32538970967423075
0.13097253327152694
0.7776524214446734
0.9034116408181687
0.024186914177539244
0.5532340425337937
0.3538720944747927
0.06249312210402893
0.021855310352166427
0.029524710065143126
0.030683222156766454
0.013920424082283717
0.014263783179884259
0.6695002800012102
0.022333519752411705
0.3139697154393764
0.02397616361475076
0.04721551115832048
0.3185648093028848
0.00969675227526533
0.015933217618271635
0.6089944445870409
0.03400913613436146
0.03300342653004046
0.020544028149808012
0.007721237850072036
0.020067202356086087
0.02601847026083313
0.35233287948205066
0.2185392925839795
0.020425618808842097
0.015207856587951506
0.2591160521597302
0.00524672687486188
0.03713726771995521
0.01618133416668153
0.006664722660786867
0.03486862605332707
0.0209772319313426
0.11777505751269286
0.6459595988919105
0.7033008201132549
0.003344891016534715
0.01843749635199595
0.3997283804520073
0.054324116031835845
0.0057540795426976685
0.5317270385091518
0.04671969302924692
0.03892554894625532
0.012708550181072116
0.023480795328868435
0.03534409713199169
0.018169410278168038
0.017504876663416564
0.05515889859273786
0.020666130931915074
0.02420275773942121
0.023218911903922515
0.02743604461394196
0.3112818128040244
0.016448686409856538
0.008847880840614497
0.010330077073628966
0.021827251047722634
0.0174134571880642
0.011693940675594587
0.026325372182506808
0.03877816098498494
0.022276401529745627
0.037804844609581875
0.02619080099184677
0.024868260374012463
0.019290305217537416
0.017192181330165632
0.03771095887414268
0.009907665083568027
0.026998869313505324
0.021235926468246808
0.015145898352660427
0.00662606244671431
0.007731146113268368
0.005671005291772775
0.01477450285954498
0.05780365798890621
0.005451034132340867
0.007340419138176192
0.0061858939683357575
0.024594607482916867
0.025696172986937795
0.020618710042594177
0.006412236623634982
0.004258549326037207
0.030866339893645775
0.04067790422811939
0.006806760644004088
0.005878971840387233
0.023316027018251296
0.022878533212361017
0.030214410003169736
0.004813232984050384
0.0132108684744244
0.029106435513121646
0.01409458818316852
0.015178087316302557
0.012825640255373876
0.01209613018022608
0.01767640780991069
0.020940527004684715
0.008061420173241548
0.003437611734593426
0.01585881322187313
0.013252491948854217
0.025590270630783604
0.006571018081503991
0.006037107536388372
0.023492724380149394
0.03935657715600662
0.011766627024632756
0.016305554349982865
0.029433663115883538
0.02248847003769209
0.011104878456563374
0.007975242298824327
0.04789306719248785
0.008154204679937173
0.016860695924168577
0.01431573443731397
0.005108437394242904
0.035108669614917765
0.015568578809301832
0.016185106353683004
0.0200612538557482
0.027134595923024116
0.022955787711674117
0.392532031728725
0.024840663414379682
0.012724072344984832
0.030478508298032433
0.03043075504804868
0.017712157671487296
0.010361841721851697
0.0067396599698986565
0.026999223066351132
0.007548579531341948
0.03041858905793527
0.3407290888142168
0.022007678949426228
0.012856428516069987
0.024684452366379415
0.0029835761533420057
0.01156633276851682
0.021169264903770593
0.01505996356294307
0.006458463701375542
0.026563341767839123
0.7865044406831735
0.811752265427585
0.13648270795125503
0.02087646466422086
0.026067039981358467
0.8351018952664281
0.005888191865237026
0.029247931572524935
0.022942697189358416
0.17759886507574177
0.8897498207337484
0.02380000940763099
0.02698189353779157
0.6386430803752369
0.13895494465801753
0.008286219032019945
0.03311978085539979
0.8015703560341626
0.014168541753375027
0.15082852029924299
0.41826372161074205
0.0027549086109927533
0.020130524614844953
0.013663825278160093
0.2902895448840511
0.00978574241174233
0.985458461078833
0.004261572619796196
0.029681196255173646
0.6666667689261767
0.010393545259723072
0.041621410767002834
0.03399758349723386
0.40438971008198593
0.7274835632476871
0.8031981565197834
0.036482110173663415
0.9790429913147022
0.070615130992402
0.5294862389068383
0.01633724112755338
0.031127068369886334
0.8398152716482432
0.0336329984109812
0.557500815251559
0.4676521515198724
0.02916062414678275
0.7398836286342992
0.018716914852392776
0.0209772319313426
0.003344891016534715
0.7487067197103069
0.6620014498110066
0.8348620810145725
0.5946925451072032
0.9570989701187943
0.31829754432375235
0.018640113075568447
0.017414614362386383
0.6395948541947205
0.030129680635351836
0.6353232519223557
0.4057547403311215
0.07812367549000723
0.00768904875576062
0.009095517562992737
0.010099503375747757
0.7484381061317159
0.579155418303853
0.0102653474525682
0.008812544987341171
0.023322648000104217
0.019136522529713963
0.03341211441752029
0.0209772319313426
0.007677888762160981
0.47223355126170574
0.9013780650113644
0.0130640671950662
0.02490390290256722
0.4541457297887097
0.01520268881049191
0.024692892803808274
0.02835776646639485
0.03610019557122678
0.648919821116607
0.5726790349917693
0.8884414500467821
0.024880880396353507
0.7722808825070867
0.016037066443228817
0.00850402453787048
0.02912182367280216
0.05275366352518667
0.008833292937466042
0.6429187344213958
0.03658325909221754
0.546421526444262
0.008352123115971985
0.025415156525443537
0.018821802163093437
0.0289792641931581
0.6994668481131546
0.013858521751699323
0.016750025914612263
0.013081658554224369
0.45536966938862006
0.6553426822785928
0.43690752127696936
0.6341360198601235
0.029298438267653173
0.010483803878799637
0.8680531558857673
0.018460145237728817
0.835533840743795
0.0291023793784083
0.44346819221724343
0.46608284211631495
0.0334872169689186
0.008810218675526104
0.026695095422790503
0.036680359161278014
0.011845012626031392
0.43178243454067006
0.11387772125991764
0.7185814974750107
0.7300102511069005
0.006156523430526141
0.007442668237178621
0.7595689223494355
0.033557657466585275
0.012425804249100043
0.1002342631070033
0.024594607482916867
0.2981504723301258
0.052028864353856674
0.00956457919565735
0.04806723881708466
0.33579335498230245
0.0038940120102521226
0.048079844897993336
0.062001519454746676
0.730963049712686
0.3792512604782073
0.033601209108905745
0.2459142794883541
0.01047736379821307
0.012329243662942439
0.013049373353617586
0.4612779830272272
0.8204922242243907
0.78193438751808
0.7012609742827164
0.023860337665417567
0.5341938062120738
0.8490931723048722
0.8555756338352682
0.01833066973582606
0.5542190346473475
0.6013542841108359
0.018902827275730456
0.011670010472241327
0.035056652045710505
0.021318960509166807
0.06560968870777696
0.006875066329186781
0.01695301557060968
0.029068909553663487
0.010252988170929898
0.02220821523195446
0.8436883092251656
0.020695615006508874
0.002410505633592769
0.04698052811865964
0.005259735352977988
0.12692354126315283
0.002282924536532192
0.03051708826682674
0.008952729317461572
0.024856570291070516
0.005091599631204589
0.008440541072660835
0.01488790122444177
0.03111818148810082
0.02133793308885411
0.02560837856867129
0.0021140267326356524
0.008956719247567258
0.005508474731273354
0.005551780842615581
0.024761682499978444
0.03925964984373829
0.012936311973394293
0.02531021709184716
0.009286815510549936
0.024755657968787693
0.4447287476404855
0.0019136891643088368
0.7986002114484511
0.016227021307506258
0.013984689956622947
0.005087457242688963
0.04497974930679178
0.02210275958145722
0.7776524214446734
0.014666319993293243
0.012924726041500944
0.37211992988935855
0.008662790801340579
0.005217585296918932
0.3108916146755138
0.018319004230813642
0.003473565635722978
0.03221081733138897
0.03551175177171499
0.019078886581697607
0.0020750481461243287
0.005598183359557284
0.02295357892204333
0.020318951961262183
0.0032909186139105082
0.019355964820821372
0.007612062555800539
0.011881495734605741
0.003816221338663314
0.007363948795856878
0.024440230783714427
0.016750983751287002
0.05082014811173733
0.005110085411908779
0.01782648903739867
0.012435291401890983
0.003804449793253373
0.02623385660847268
0.0209772319313426
0.025123329554656414
0.014014355156076026
0.01450336699885145
0.035740812574716396
0.013657609644043334
0.012922781268048005
0.053967196780056396
0.02460911380218315
0.0021140267326356524
0.010887410628495573
0.0036795250701555206
0.004894449463939233
0.003794848991767297
0.008538032844024265
0.014985874186003084
0.0038350614560202006
0.006004905810757771
0.08239842512504694
0.03852511169725713
0.0012489574207100963
0.007046250591762854
0.014516251471579594
0.014548502714142408
0.004518530950216291
0.0019911944833243263
0.01682321042165642
0.011933811689442545
0.029293801223973598
0.021062098445825145
0.005750339215591243
0.08208581425766104
0.004891762795428939
0.01640351716556609
0.0056055322479562015
0.006902007744804378
0.0209772319313426
0.05058926100591245
0.011018454660504273
0.004666815689368277
0.006930179555720692
0.4884848234468847
0.003437611734593426
0.013271939189469392
0.024420524763781273
0.003553262420044551
0.010179141713805104
0.0059528215431770785
0.01875581826709959
0.020007169387842166
0.015552560683665393
0.0023307699153477727
0.005924103028662931
0.011970123641876829
0.015001983121509294
0.004749259187404831
0.005684263178724053
0.04717673889456449
0.012564987745667331
0.018241557045870296
0.005865453159057223
0.051160757263622014
0.04282200252725938
0.0209772319313426
0.010237091900902842
0.013155987521861458
0.007382478039567658
0.018316957078802522
0.015656416621259408
0.002187832821411732
0.041462748320164416
0.4755796488910166
0.014681978714627541
0.01912833216589272
0.030350057950429686
0.0316903348315282
0.0052423492017988705
0.015212741678517647
0.006504289643401713
0.016127893245427547
0.012453482094950931
0.013204055583996328
0.005515271966770655
0.02607304236020333
0.013560663859526903
0.002346068680108301
0.014242316449037052
0.11972252844365236
0.004379016231082354
0.02197832487719539
0.00479333383446409
0.022956261550616284
0.01723056139879595
0.01598826740820976
0.020678545170131648
0.012034960872043995
0.00868333467911595
0.007659468395274514
0.03817272824610818
0.008061420173241548
0.0186174708339122
0.018289913951765085
0.010478800252059738
0.008598823136680889
0.07021919191199293
0.018265735831416788
0.23417529311186083
0.02222822722824761
0.020258203057940852
0.004600787137688484
0.04804382622773069
0.010904665906559448
0.0209772319313426
0.008419044979843505
0.022714496697062405
0.0012489574207100963
0.03081007007928157
0.0036795250701555206
0.7369809728107845
0.028583986238806657
0.29423035407570075
0.03016384466296355
0.759212857391264
0.004850142408656713
0.038458864635993364
0.016055964991354237
0.010607173445114169
0.008569434855166634
0.019395548170554906
0.02286127325620203
0.008777031752001473
0.007557922695337431
0.06408428081266027
0.026190946998084996
0.006775231051143992
0.01618356506428276
0.03717475491821633
0.019783775337094994
0.006613515371916525
0.02091135672961461
0.004253041072861167
0.03810469300769585
0.029615849379584714
0.011343992557416119
0.017246886081251953
0.006705684454268198
0.04045814536650318
0.0209772319313426
0.014977357626725092
0.0144616106571925
0.010098275886946211
0.012224540347554706
0.014796006983282942
0.0045482158395125614
0.030332129618427933
0.03687470193779664
0.02706389957885853
0.009573991054046058
0.017375294544033516
0.030972754106280104
0.031198478930794898
0.006177926901126824
0.021745806515335076
0.04677816897941268
0.015096656802140021
0.030485805123681445
0.022352554390374656
0.01630045796865899
0.010738937563497522
0.004759353622498964
0.021570598645349034
0.020067931035960596
0.4160486419781094
0.012419751518586762
0.028825796972433267
0.013915513041866764
0.012724072344984832
0.0035768683268951103
0.009223000270072713
0.03804459285404735
0.04659631066833835
0.022087215213632473
0.007181979810694265
0.007120032318240197
0.009557140596742621
0.003804449793253373
0.012700568368469006
0.018168309899385282
0.010831497502491612
0.0604051631301776
0.030079824634534534
0.0019911944833243263
0.023647674779757537
0.012905244285967692
0.5175939006650491
0.02983949710738347
0.003275698534696052
0.009008373252714563
0.01234418794847639
0.014684883366841256
0.027497397565844784
0.04922865571000767
0.004740454001503327
0.09541334910932128
0.012905916093399212
0.0209772319313426
0.013329636369580207
0.004787019525240163
0.0135255178536654
0.0300685461811271
0.021608684710200617
0.07300629931243485
0.007299469581425817
0.005904575898910113
0.02083179364666664
0.018442479062761752
0.02800049195216886
0.006082075318193887
0.01941867803454915
0.0175182832594818
0.00559000042427913
0.02877563739979248
0.020872972510104476
0.005071116126886181
0.03779998143758493
0.007661308921843877
0.0255097232669972
0.016493593079792205
0.018228577446596443
0.03222432034461667
0.007901930550091434
0.018972770978491642
0.0060542383011842945
0.018600301901228553
0.004029289184898267
0.024260523886359128
0.004020724106390346
0.003804449793253373
0.015251105429177965
0.010147976035876636
0.01667941706567891
0.00695008375394705
0.07702681807066306
0.004835394403610333
0.059669647034248305
0.012625117478140227
0.024130087315464482
0.008484642913668785
0.005785879300485584
0.011211113707115538
0.046519156342643204
0.004562242172589975
0.012717975823057497
0.016728042965471767
0.13197872598180102
0.009397881100385913
0.009534606001285436
0.009565345849470143
0.03681788926410376
0.0047697328809763045
0.012102424982088432
0.0209772319313426
0.04377441506108266
0.0920680165384966
0.062163735907637255
0.06648077022358673
0.03166397754368209
0.04041789384785138
0.05045335131785059
0.023628409580370505
0.008781390195623085
0.0838914200375708
0.001819016744729117
0.010171131620812932
0.17262245416964472
0.27788915263777625
0.014024106973708402
0.01114586009153486
0.012182009366979905
0.030394168656731006
0.012159258648459471
0.028217321437767014
0.02141271137369759
0.01714093277238667
0.013696133366001083
0.004746885801123967
0.022182999910805575
0.043350699087017705
0.005490830910766442
0.013740432415746445
0.0274583795439415
0.025223328951317046
0.005832719849171546
0.007358599420101955
0.013921049141009856
0.027896747293765928
0.004580882023929534
0.038822795542057004
0.5963844911465321
0.01464793490642878
0.04144098259460551
0.005704069748728061
0.0081291088599658
0.011355409876384137
0.009931989971091489
0.04693364455902076
0.007488659449189537
0.03346319182604769
0.027645918752097348
0.012414899940540547
0.024272645078154007
0.004977594864233711
0.017452544219662823
0.009040496120230017
0.046526268930255577
0.06388357624281987
0.010132818047901048
0.010298612391532184
0.01963526052776985
0.016018022280511773
0.017934107047302805
0.34023350117654183
0.017619188822647014
0.0029862590834762092
0.012589200332389656
0.04048645277673052
0.01377019716528686
0.017768556098958426
0.008528328852595666
0.0038631111145154854
0.017637403584872757
0.05661460869521117
0.002187832821411732
0.011826603671418325
0.017610791901125508
0.03431748420396783
0.02768671219922786
0.045033905657829124
0.06335632270750703
0.017693484242272
0.006340953966021168
0.005214327678853507
0.0209772319313426
0.043798278968830755
0.007674443384367751
0.02278187637204306
0.02912182367280216
0.011760865148474317
0.032492207981621384
0.02123361556167743
0.0068862975512592435
0.004982468668351751
0.01645820431700284
0.04768966525868728
0.020312077836037612
0.002044994431138128
0.01806968246274535
0.009140812404194489
0.00782168999877854
0.028364028016243343
0.1172461409424916
0.016080866296575198
0.04453749759878905
0.011597384528367222
0.28173951081946225
0.018564384590126645
0.011886037210303145
0.44039968871417634
0.022353467381128655
0.010095061073359694
0.007202920923859775
0.0209772319313426
0.02952054363454059
0.01175791716851687
0.030388295711739417
0.03401993092840978
0.01631751605651181
0.015437331781740291
0.014481579875232032
0.01621475398913119
0.0209772319313426
0.007787777434102642
0.004247028090981685
0.03506948307102699
0.024165837844680047
0.038673572338588154
0.006489953076699683
0.5061969847321167
0.012851697740111282
0.02140897648237938
0.010244666245220515
0.010010507238144702
0.026306076892192304
0.04063095733377188
0.019999946201299197
0.06367509875143801
0.028749328324264266
0.015303872979321374
0.05553072634718526
0.020897162868414434
0.025958226184935006
0.003549092798111847
0.08863443125844916
0.02610492871775129
0.010961829522168884
0.6456857157150042
0.012794370494355627
0.004829532423997599
0.023187279608320382
0.03194106976387179
0.02376150471055988
0.4401465404742556
0.9790429913147022
0.03102039796421833
0.020523747521863853
0.014999857372064895
0.016082437187918915
0.007109637671575984
0.0361573850916504
0.006126537421525155
0.010366251587928471
0.05070075754931583
0.007072733941877186
0.0027954181964718926
0.022657949080744838
0.004261572619796196
0.015198780624386947
0.01588355069705774
0.016441283483989204
0.00838087779226678
0.012910686156559983
0.021418882778435355
0.010012437765251266
0.006064631186890802
0.01765439711921321
0.011434217979135837
0.02442983486026478
0.01908094513394726
0.03461019779548594
0.007951601737250596
0.007839345593968766
0.3237321013095421
0.030812694388748913
0.03420383178091652
0.02025031714168425
0.014479242163764599
0.009053627471787024
0.04107511398329457
0.023128186665392344
0.026493194005516155
0.02811579589680112
0.01445190979724104
0.028794496159329188
0.007649118865334474
0.01843492448593907
0.026343906011947537
0.03257807767604784
0.01966264414356893
0.04130735794560071
0.019894810938816804
0.0689793387201349
0.029214172031539296
0.023484530708045705
0.007921991960695452
0.015600747075213249
0.06728250419014456
0.022743399921887415
0.015086987083043176
0.018108724234131037
0.01907587024080963
0.006024143767496473
0.7864705121635188
0.016473700232711067
0.014026074148928123
0.045097659780466606
0.026696517689350534
0.0394684841512264
0.013851757261126666
0.02091155580230438
0.24332144803810812
0.015143870417877413
0.007504920978932911
0.022060820110404375
0.04566981238762441
0.020072866695616125
0.012270982458353197
0.034285062174713325
0.019057380554340336
0.004250572800338107
0.006112167114556318
0.034933126390102764
0.014070496245398608
0.017418522455248935
0.04387886816706295
0.009935371691791576
0.009952115487522412
0.019060178192997518
0.02223855295513702
0.5082908340050699
0.01145048441679465
0.003165506891255854
0.011495401846413128
0.03492105495235588
0.00866762456756077
0.011191544052512279
0.024652707696546785
0.012176008882826068
0.017346726612008947
0.011194254419530295
0.04414802093140059
0.011386488426135226
0.016210857865909933
0.05637918604781128
0.015345872428683646
0.015043409898299078
0.018168075510419626
0.006715580614916562
0.7323989569237817
0.012302140909380014
0.009659470883455907
0.01576985542328608
0.40397872995655354
0.015764449080303517
0.08968762375235345
0.03187385829861781
0.00844767482994954
0.52850062451945
0.36603319147633884
0.005046948494719662
0.014106018402330034
0.022573721930148335
0.03929696643903082
0.01072019792822641
0.009431608558388257
0.011676724408926652
0.03431818452019473
0.025466460073351398
0.009791761423291726
0.0209772319313426
0.009206990621580145
0.020868947455192716
0.06532865455232341
0.03379979470133721
0.02063355910946386
0.054278805734945944
0.021350050690805398
0.03010568673021332
0.008619053504310404
0.01230103458133917
0.01203057804148511
0.011103498348217973
0.020568822517420742
0.0043787983234523705
0.007541984016223186
0.019032498148485618
0.6132269651305647
0.5404913834981628
0.01639349525209546
0.022719258390626655
0.02196524029011762
0.028941930810263826
0.30861953346213855
0.5328339556851541
0.007997462925079319
0.6462944143046292
0.2919803520113213
0.03058263365781348
0.7682031065104005
0.007675463804370267
0.010543981071082028
0.9779204109002423
0.013290726396773178
0.9359166429909915
0.014124267458166698
0.02091963215602311
0.026230028304148414
0.01090458366287901
0.012152229337619995
0.7599861110039521
0.5717975957944019
0.4576063201436088
0.020866712846691334
0.012548083016713675
0.03697349032343062
0.04285307199486914
0.017305378541949357
0.028291347941694685
0.9790429913147022
0.7621487473967362
0.5111815905202511
0.06872186035727441
0.8704484367249415
0.5219163650360115
0.7007841382898474
0.006986725400209369
0.832688530162371
0.26662829742834104
0.4932536251611439
0.31475382442027655
0.14553089055064816
0.4718487183143691
0.01584275126182158
0.3627352611749305
0.06872186035727441
0.5444060332325148
0.3913365181005134
0.8764055701676835
0.02524108323975233
0.039065564073976405
0.7975025709114159
0.05114441279673382
0.5439004985395521
0.02988325903079457
0.024502107515674502
0.00978791129989603
0.010543981071082028
0.7672663581105504
0.8255450734355736
0.01603088256460213
0.021879390357676696
0.6052129301121355
0.019276748011421284
0.5058132068588537
0.01674066066359516
0.9790429913147022
0.024292436069038435
0.9405656077111301
0.11827421262127498
0.045192876508139065
0.6303694508885672
0.3712438356243821
0.01144028595165216
0.7104009977051823
0.7087905983186278
0.09684278880610322
0.10688829412766652
0.710471548287717
0.04637856999716917
0.015241040961107469
0.05978657398057149
0.020202325974226103
0.8327921695607119
0.020156086502034484
0.7896459209461137
0.11276903912035649
0.023323392460493135
0.011473365273880546
0.013624681945932447
0.6319372611399886
0.6808069086013665
0.024432840979812017
0.4967808994266352
0.03863442016834267
0.3746366261312593
0.06738722270647887
0.02094431716624762
0.16754721295045835
0.13797990108652655
0.5016914626504853
0.06842645036480015
0.022648807842500035
0.013873500082309732
0.7805294131772628
0.04444271443533917
0.6699703043926876
0.011288787894134233
0.09936796608053161
0.48576774577172
0.002936799445172346
0.022239859359064827
0.7376782402728388
0.6747164854111716
0.7583519050836801
0.014386486992474034
0.5475956147726438
0.005459978062247884
0.019815014150479204
0.028357766086813584
0.026629766695624193
0.9790429913147022
0.05722981355820904
0.02718641900889125
0.0762395340835717
0.7306937468210244
0.40566654739159685
0.0319332440606525
0.18694153510992012
0.7303574940708216
0.6141264015598744
0.8225969344682177
0.14075513147846327
0.013222182005041733
0.14171462921694886
0.21472109301396797
0.6985696169396519
0.7547972018846738
0.5136386215454264
0.3090414590483971
0.3062816665625651
0.010550156510140251
0.2357944559111143
0.00524672687486188
0.012358476057897206
0.04099711230025629
0.21166565702416174
0.10494500207013482
0.5046956021356886
0.028506862077668647
0.010844491501059293
0.6185488828277754
0.20534304888683527
0.027134595923024116
0.023735635044904824
0.7315905087002915
0.1328651473625978
0.026445770928822103
0.4135707054265054
0.042295827006836366
0.03359077821146013
0.02864430114368057
0.11332355561650351
0.6908357231139293
0.01154778603553813
0.7407078016249734
0.6630892468458532
0.45949940654528393
0.10713428043045466
0.04798784577439529
0.027150334447737512
0.010204262291183493
0.6804388835119005
0.6951579278365037
0.012057734991721997
0.05304355888813385
0.7829755629275756
0.13548320393955682
0.014777770806032724
0.44828345831465904
0.0187787086407009
0.3634314682927077
0.6107674912694394
0.8696496187727248
0.5766861171819774
0.03534294764965945
0.1440011514087752
0.02421544340495067
0.012434783617422392
0.06872186035727441
0.08105909322041148
0.6387114182543178
0.8749984092432955
0.6038078406113145
0.009566824164750506
0.564164107420763
0.020028792563775547
0.010410939429553115
0.6680052170677581
0.010507373134779181
0.00999767855190363
0.05749315747618633
0.4733155990020478
0.009883757651824213
0.024444136667166553
0.19450496509821483
0.03082413606569603
0.024115061093680928
0.03367907722498955
0.6518420299135995
0.02014922404879154
0.029019984198644145
0.021995999178965112
0.031904605012800694
0.059053815600821166
0.9593755131817544
0.8242646203873134
0.03253531765089427
0.014031524201826932
0.014591174194131546
0.05522566254739661
0.007489579618140932
0.03884818081505385
0.031313051774464556
0.02647644814921561
0.0117469259884741
0.08636261439329558
0.021307466440637992
0.022683880112440748
0.015233359262117415
0.874973217729774
0.019406899090031994
0.011367573476423615
0.01578475971071498
0.008900502497144205
0.1344313779480037
0.11658837429949681
0.014295827527704775
0.04143154767128193
0.46258280442919847
0.014309972964205993
0.031987890033491256
0.02058692143995382
0.04566981238762441
0.012331161536143916
0.022861781576345143
0.05698104089239689
0.06558871643785039
0.04734432903897998
0.00907953778981224
0.011821577038981448
0.011305863496554273
0.02681046302701596
0.03206269694948802
0.023291521034083395
0.017095022487213948
0.019444935456237437
0.01336466702587477
0.12284870863169216
0.022137060048924843
0.06745728587297363
0.5790642690910378
0.04279531612811374
0.023187831277042017
0.028648180724222205
0.5677277287748921
0.020336995857584937
0.011543543251334394
0.02945178993508778
0.25126950151057637
0.006895550026628094
0.6387973318087711
0.01596709279998845
0.014403078064711382
0.03382247332309486
0.340825344690183
0.006895550026628094
0.5322137395096903
0.016610094165655703
0.029995211167535996
0.010441800877285176
0.014449430144560127
0.02597531942462408
0.008783952582634988
0.010158471692652998
0.045786163746960686
0.027472992997357466
0.022249294691644897
0.004737506482659853
0.02277582168318837
0.012082924313753927
0.1371342006655992
0.8086070711281027
0.015065962217218974
0.052266675533643774
0.008120476929962416
0.028253420490636505
0.04302733092010754
0.021450804650616995
0.004813232984050384
0.759092590145196
0.016029132089718217
0.04599142802562128
0.04259072654156409
0.03399303332609774
0.012985213286388388
0.053587115170359544
0.07690774970306398
0.022263415021026082
0.634997515786326
0.01090458366287901
0.019226808984019118
0.5460625981572502
0.018052615848756205
0.06409308503297038
0.06872186035727441
0.0053776087864613985
0.06221456419073569
0.05987639654486298
0.027499086478808388
0.1861587662383891
0.02392888020059946
0.046353958379681384
0.011741136109301609
0.0280551665857264
0.35625655132965706
0.02638095717010784
0.0044577625136121065
0.024141036656770448
0.01488874968507995
0.015777598922689928
0.01931131581124632
0.020337927209911347
0.011090581400908189
0.03284464563646704
0.02739568906766403
0.053154942314860947
0.0029564862237681615
0.042411860354804105
0.015335512765745787
0.017130575506527152
0.01172598997901437
0.03758349737682346
0.07417555117522519
0.019823745634473228
0.022627914002642007
0.009817615826182418
0.011856753824103748
0.00678239599006898
0.020675314329698106
0.006964853573016249
0.003422511121741523
0.033399988772251255
0.008131194231350825
0.034100009975900306
0.02939146988432033
0.030489696302065956
0.013154893660119705
0.02589940553588639
0.022603615251034718
0.015380903050182883
0.1088119993520933
0.004994626510704974
0.016127367353992166
0.012965476096442859
0.02646399329898321
0.025014368483058276
0.07992618459871596
0.038569633454104364
0.033945038563650824
0.009979256450102897
0.02753549793932877
0.2707975642685362
0.01159953789241783
0.03342441805010263
0.02924522681800131
0.007299552174558464
0.012062775500115946
0.031997327225335895
0.014542959574626287
0.023935367715229666
0.026721776001343168
0.021847625100904405
0.04442087060268388
0.0209772319313426
0.02401780137673398
0.021245312461697845
0.014111388659417867
0.02063830956162795
0.02337716046329409
0.011791817631929134
0.012838727890691373
0.013344442049691114
0.0051865119739838254
0.012796900191343802
0.032387004815572974
0.019194201834329624
0.008136395258419343
0.0657030475343006
0.004788000679408717
0.028936862930633644
0.014979191988237855
0.048803747322699695
0.005065256858764268
0.014332083629585683
0.02050559682480533
0.015733379697800316
0.12110293386437018
0.060094618926017536
0.7206149496408738
0.6603285812488339
0.008291187919612869
0.036553587984564394
0.0037562613853637963
0.03328100748027631
0.012361173790362126
0.011110750441032723
0.006986725400209369
0.002187832821411732
0.010485537888603201
0.008327922442375391
0.01865266864358904
0.034240376484272556
0.12718836976589432
0.0056667785889621645
0.015423167230246324
0.01983507779829756
0.010468676911466019
0.041971445551275195
0.014150302049843373
0.057808810405484315
0.005746167563224507
0.01557248438469287
0.06422484409929312
0.007751800480919597
0.01464641152779457
0.016365702266758337
0.02580646210373308
0.052914944828937056
0.003831986737181189
0.029698204470593192
0.011894313892197979
0.017423468922881075
0.4911690138877461
0.030805263817734303
0.013141791653048131
0.010613894136829418
0.03518333266001459
0.014961224609333145
0.008966122014428415
0.01616955690491355
0.015196539028495937
0.028028632677513918
0.047330415575067813
0.02193592917506454
0.013199518105415626
0.0215354728400215
0.005811367061978347
0.04289680880584267
0.0056081817171878285
0.018679189350925784
0.006500846011368049
0.014842756938996034
0.03007595371685704
0.005324187519500438
0.008268116134074403
0.008108399318548943
0.017979203745966864
0.25956341467652044
0.0444254216274938
0.01405042162772562
0.030821357599231575
0.00864172155991822
0.35682341317246635
0.010180863324750308
0.03581347820546911
0.0209772319313426
0.01720409227081055
0.03335324867730889
0.04165950151094644
0.09333581530179452
0.026791206841797848
0.021620354501107223
0.05852445131250274
0.013570830884578257
0.027713387709724664
0.0489756930653346
0.016576541584027937
0.01743860114235361
0.016734474079402904
0.09377448549203597
0.027848073878333043
0.01573378661554988
0.023475802956053535
0.01130904994402104
0.010166346367864643
0.019542781326227252
0.08067446074102314
0.03048426504619443
0.00867913810883351
0.03181584906289321
0.020956356621229504
0.044594558267966614
0.04077763603553617
0.020313229560954722
0.018229262687632072
0.013515065644936599
0.02610492871775129
0.02804043642697948
0.03242641152696293
0.016341476484782947
0.006552769709378062
0.29652663077539176
0.018963784051483065
0.023712732383114037
0.036027381556690864
0.011941020252070507
0.005470408481550134
0.0249736089012179
0.0022208983180263694
0.027919084025016676
0.17553715579123474
0.6296294338842168
0.01744491546721531
0.213012698971438
0.031142336039650213
0.02212889191550706
0.006902687142435999
0.008417767576394794
0.010398937260527217
0.020387345406986897
0.0227478826069404
0.011855299304475713
0.008587977780888647
0.028297078564998916
0.03804381276977222
0.0067958237821898245
0.010989980542451708
0.004740561339266547
0.04778524859842363
0.02811988055856947
0.021030469604703797
0.013705569324210345
0.007580124376930359
0.0073781995484809215
0.01468715848999351
0.008601621217894258
0.0257821263730061
0.017807585626720832
0.008200176487116066
0.03327668188395052
0.026358482568076404
0.03190386586355432
0.03143375711160244
0.013033228490826509
0.029946923774832792
0.0423732170763516
0.03531916208567191
0.03163453444834519
0.017553738867059646
0.011317533925032916
0.04444403737961093
0.04339179150158072
0.02500075396651344
0.021179016521802527
0.015962873612906443
0.0120596922253241
0.03529853911563307
0.012072158024029127
0.012094577619447478
0.4443455683986028
0.028473580250994297
0.017326247788548684
0.02174592230403216
0.0061620809334635524
0.7069853268954258
0.019467140746358868
0.0054750664060084055
0.026297058647956208
0.031089017471758625
0.020778039250586376
0.011626776566854626
0.0343275215807101
0.036423338451720876
0.04050235513676745
0.04815891790683588
0.011971106796205284
0.0074057103233426515
0.08012717578910136
0.026186904884500335
0.01759432982512351
0.01014338408588663
0.01143667154448844
0.022702741914333042
0.00756404138849312
0.15817874951849567
0.02703888851085673
0.05591807297315698
0.028233373007677025
0.03398451502569067
0.010847872702280416
0.017196127910792756
0.014946698401937611
0.024617286952175178
0.03709377345944106
0.05783365627832049
0.0359963008222827
0.02590834946136015
0.016303886625452957
0.02116023168222045
0.020378458799055525
0.05992908521237301
0.011543078338752072
0.005801920796015657
0.02234022516180388
0.022469534509482393
0.009390336068929146
0.004084789766450359
0.024941985052288295
0.027722223441839767
0.026133311875150837
0.01552586155164252
0.020650273755212306
0.011075541738518387
0.003597973755623882
0.03731421894978518
0.5598087280548731
0.015527224487994309
0.07134505835324459
0.014900072310081633
0.023891692069303295
0.02839415246770031
0.040507191829022376
0.016864688437226723
0.08358321506295234
0.0063311239038538305
0.0209772319313426
0.020440873635070047
0.05911924795358201
0.03187896305697278
0.008737179558911908
0.020971604739095442
0.011222501735351473
0.012173489420263507
0.015205696861258477
0.023587261849739912
0.01510337028570767
0.014054104460569978
0.0209772319313426
0.011054169692045113
0.02736522058174221
0.6189850455447541
0.782808693348292
0.01938878077347964
0.013610397910852336
0.7542745188497845
0.031422797653620306
0.02106246123852936
0.008398062520715106
0.013023019724953608
0.008741247919289208
0.02405762870156819
0.012771782796649402
0.05362320787732733
0.03993688505354876
0.01914256053606999
0.0209772319313426
0.007628684950891248
0.013699257353493682
0.025752959518567514
0.011725954562077529
0.013862772901533052
0.009297332400088816
0.014171269969141987
0.0209772319313426
0.010495507537312493
0.004334198127938368
0.013482768111269248
0.008737179558911908
0.037235144821987115
0.5132775668478358
0.017715945812878973
0.02081998777522986
0.05714058318034884
0.07155011260978014
0.13154664954105505
0.024414316408227735
0.6869158817396038
0.01467235782451557
0.02000934478683388
0.04207341632636222
0.028112401127916013
0.020877705956053393
0.03021647562642698
0.016956736639440532
0.7459812202712232
0.016472902309359255
0.02202698223839758
0.029940279054542683
0.021361639432823747
0.03609718243179574
0.017847048204641336
0.023932390667096258
0.01673641060467173
0.04000608209677921
0.08151455556595046
0.0630622010854877
0.02349228238527885
0.049415682354518924
0.036814956603451014
0.02702763053172649
0.007666965941755341
0.012934300642215115
0.006035769341772059
0.009267344207962006
0.03503855306280924
0.035790774793201814
0.03728107136125483
0.0209772319313426
0.006000053453518592
0.02012169274075629
0.033002911586132784
0.05871691087782301
0.042843750963323234
0.018911988856045357
0.8110864034251496
0.022491999532182914
0.010606914904686623
0.006981531824132577
0.026040986925229114
0.020187689092343763
0.017147039276516955
0.012108004430586862
0.012025020337979248
0.03632438747508721
0.0019164327754037762
0.017815142511686123
0.008737179558911908
0.02580344740355599
0.05738316118617056
0.012302856422920262
0.014297956761077741
0.008737179558911908
0.03126236069840977
0.0209772319313426
0.03940096749550279
0.10023712343653078
0.018394441128627977
0.011092204707835892
0.02305009097872093
0.01597262527846194
0.013172139159017177
0.010076247159137332
0.006334681010031254
0.025997896683312753
0.01662850022214097
0.011123653182187155
0.5900373896097878
0.06345760305870282
0.043742822344635925
0.020992213203621976
0.016579299787030394
0.017650262514649545
0.006650459110684981
0.027040295916546307
0.029221919424919727
0.0054588549297285285
0.6303110778444643
0.8455087233348009
0.01815618985870792
0.019020243602910915
0.0209772319313426
0.8082369895691583
0.024860667661675002
0.5716285427308808
0.009798589805794799
0.015137442936758857
0.5655392714815028
0.04115658268501807
0.34691954887189086
0.7229854788103266
0.23378269795054166
0.02399185900888197
0.016209826861049683
0.029767471573847758
0.004272375532308176
0.039316386652607976
0.8191034142003175
0.0627498573292218
0.34011548303100303
0.034835576461278966
0.39961558831607474
0.004797690713409647
0.023364032134052262
0.0124184751836987
0.005578776055688987
0.005416687803069594
0.8842054836451799
0.03214895850284054
0.2540655134895175
0.02233232643852602
0.15062968196826512
0.0053765428960893605
0.022084415055548753
0.010269547068199644
0.025602829865267265
0.17061650971620512
0.0586085760727795
0.01042685818278744
0.013731309835697179
0.06970120633323654
0.03212577619418713
0.029519536990733827
0.010716755382701578
0.625657247622164
0.014053660542268778
0.007401464199979896
0.023197451595739566
0.008544561908497297
0.022645345032906362
0.0074057103233426515
0.04167445225870575
0.0054965905541327935
0.018835313010352385
0.06658043615298567
0.027509881145191477
0.012126247787842015
0.024046413371079146
0.008841545819767625
0.01592881908887079
0.014086898466590251
0.05097712758103857
0.06486903601212701
0.8989956725151502
0.006573965253411474
0.03299098423279188
0.028387045255759344
0.011371575397211007
0.018568845655195457
0.02852315409665618
0.018366006086865203
0.03720729970724643
0.01015907478432593
0.033510977431807816
0.0170806457950858
0.017861331626176497
0.0067396599698986565
0.010922822858059665
0.007211283124613746
0.009498777635860748
0.0022890909141908763
0.009245118916219796
0.006655781022985124
0.009095517562992737
0.01835978202739909
0.004082249071007006
0.04521457831162849
0.4848368868125114
0.6260213876988642
0.02606442897546552
0.010794267124322163
0.312186969781978
0.010534864567414624
0.24940671962594244
0.009532130138800395
0.37219665079088904
0.0049197189244389984
0.02814871418059447
0.026833560931064756
0.03960731088906799
0.015814829110409056
0.022089514653205918
0.010093832620962062
0.02720639259326687
0.0393295078273926
0.004576148635090592
0.05061915806367794
0.027088848964748457
0.023099579008798426
0.04658408627090685
0.025870269179029636
0.042895801439297894
0.006193052696528243
0.02646617030985689
0.013054440725042991
0.005887903683550344
0.006478099258937094
0.010796318555261456
0.016182161710922856
0.03980448462669737
0.01103048699632295
0.03877520124401656
0.008030536988483356
0.021855310352166427
0.0160456893858794
0.042789811072441994
0.028910086851414298
0.04423222982728408
0.013876926947243979
0.020486893469698727
0.009221063063921488
0.01513560914168361
0.03213670375734043
0.00862434354869245
0.02196041007342101
0.005918001197829539
0.051053131061872405
0.017362346578309745
0.00752015117118581
0.004084789766450359
0.020184445474561316
0.015163398541905364
0.4708013552662804
0.009277315058585507
0.027423669696093778
0.004792993756758476
0.4830563797943929
0.003344891016534715
0.010364938987673383
0.06450549433858811
0.013876926947243979
0.008158286672158663
0.009277315058585507
0.00601842633041621
0.03691444690428365
0.056032236452154716
0.024329242647792546
0.019680589790032017
0.008063382574785036
0.04920302713009156
0.026090711699737156
0.012426576271481787
0.02958938109793168
0.02161717295310694
0.017068459839513054
0.02888904527915079
0.0060273173393794455
0.021157164541591143
0.004084789766450359
0.013503153586150113
0.0180810048321682
0.009293396696847164
0.04266433827442665
0.00977812373727183
0.01221268954336559
0.28425465541781003
0.02393210230516875
0.01008445103815387
0.017990162089972197
0.01191219737675065
0.011353930185258437
0.026840146480923668
0.023906549493012175
0.029442936669493543
0.01637982925890618
0.010491746853612165
0.014969872867004054
0.01684870887850847
0.14261011636945928
0.025495354900913196
0.016750025914612263
0.011736192577817831
0.06728250419014456
0.010123942443256371
0.03355458941855121
0.03125876361718919
0.020501903037528996
0.006931890542187234
0.01543397164547339
0.021965196460029528
0.020778105384212122
0.08278555306779406
0.013175109556506002
0.025676345281234518
0.04602564930436546
0.02392933660550743
0.009125029039937827
0.02084099661713797
0.022319237815187215
0.022803332886971964
0.0020352006895547753
0.013466086693812974
0.010238883620387787
0.013605406567895877
0.04349394128793312
0.005929605333622654
0.016441851194957672
0.005553123694898725
0.013771724721612972
0.007034603760090261
0.02027914519407661
0.008787026141848233
0.019073990512849796
0.24705691732097396
0.02028330670300475
0.4361340445143515
0.01959855265567578
0.021855310352166427
0.01651612423476784
0.018111171225504756
0.011331780420518897
0.024594607482916867
0.9790429913147022
0.021194337069238105
0.01929863803300952
0.01754450303132813
0.011352124631549
0.04126868696699336
0.003344891016534715
0.011361520108506266
0.01625344094478102
0.05448428905724959
0.028176318816051177
0.016394334522673686
0.023700752126989657
0.026125515827526542
0.026264738142626917
0.014523635573848325
0.04157172481081659
0.003945228930676165
0.025573407283472262
0.007923693778525262
0.015015706803321954
0.03737801127832774
0.008133761040872125
0.020660384979995977
0.02313923375523178
0.3758663145842094
0.04785073041493355
0.03443343654786031
0.0209772319313426
0.009649370814567156
0.9789952460810624
0.01612232958401556
0.014427857580655956
0.3260814038232773
0.028536440436437913
0.028621224900381277
0.02650139368265535
0.013142890655542867
0.03422703230600821
0.03808213582905362
0.05702069037889322
0.07981995397374891
0.8415426600414603
0.05994435531742805
0.007897221757918597
0.04371817163642533
0.37989675127880684
0.0074495527753790465
0.018234590727650293
0.008526825563844258
0.020244979834072183
0.019494625859421896
0.004499274602560804
0.017348177885535974
0.008721162852584967
0.01095011709039139
0.020318946510994272
0.03525468741541615
0.04148263095472871
0.018753349775724477
0.00783237605143373
0.009556332652307287
0.01304743170602966
0.005837325837796741
0.006619253869114371
0.005211726530226895
0.021502350762498595
0.04071281813650416
0.4512114183959625
0.027477992894518816
0.02682647582686254
0.029762299336445548
0.013717525941902549
0.02673367029955521
0.013004687130760046
0.02405036741441815
0.025299936031073174
0.006695468760758968
0.014595315297897512
0.024151976545572114
0.010443385810493753
0.013481578500777153
0.01634018549483168
0.025288767135345443
0.010158951408011646
0.003280774966324106
0.008116245270472744
0.04415098289607332
0.013307591605792512
0.015490988473398228
0.013614467987120814
0.017580547343361543
0.03457404616443435
0.009579348969438467
0.042136778204978284
0.007303148676994391
0.03980448462669737
0.14146509647903074
0.03479718119731237
0.03849312901043266
0.009422259076579157
0.004178211888599471
0.00808561496904558
0.013742868436470927
0.015485404010915747
0.010141435918877622
0.01120658167973389
0.014745496279472827
0.008916613207877094
0.017552775021223804
0.01780495437209126
0.0402313958117205
0.027572436752396057
0.019959466893683102
0.010447609127840525
0.03117401940704623
0.00876348166870736
0.0209772319313426
0.01445818369168258
0.005765831816979529
0.020707907104779138
0.028851089419049403
0.03333697923089492
0.036034970384575184
0.028579776125069144
0.00996229975560406
0.01124290406510887
0.019703436607600912
0.004818999238754009
0.0033097715009347242
0.01390049372124551
0.0037864301935928166
0.003794848991767297
0.021951668152125757
0.007557292175754811
0.02540680935655493
0.008978520376112416
0.01837369382158734
0.017799594400373073
0.01755449026083282
0.019559416309672617
0.013005933483142138
0.02827950510658004
0.014119481504875221
0.00867886347545794
0.017427653564861246
0.011016392046850287
0.030187654599557086
0.006249479708272466
0.013680786548512005
0.045974215459714085
0.005004318972039143
0.0209772319313426
0.02597783082308167
0.013170692544204825
0.01204908801414011
0.021551982781257206
0.008983492865807637
0.01793109864845662
0.035274574217477074
0.01779394017788113
0.030631520111362668
0.015942861611722245
0.01740736795622878
0.023562297369705294
0.02481818050527209
0.010806233974220791
0.045491613527099795
0.01963492835019838
0.008054144194706955
0.023038657929471136
0.011047961544618234
0.020046618827192088
0.015985173030140607
0.009976892888691134
0.015442321394069
0.014076778359607169
0.008070760368127212
0.7312816391205184
0.029377416218105447
0.019710892326253466
0.002936799445172346
0.025525313828334402
0.0035608228346339704
0.008282544030073448
0.04531073031689151
0.0209772319313426
0.02937533318839662
0.004294368119519617
0.007364712270186038
0.019518022509868675
0.015629677827366965
0.005706343727626294
0.016621530215588345
0.003794848991767297
0.03791498532906941
0.004648001761698998
0.02415907025332087
0.022080068417195033
0.005875861087835094
0.025036999028807832
0.041866460613252734
0.08919848121433276
0.04032529393072979
0.08055763412941021
0.06183366280378234
0.006943117499722471
0.013998946911008028
0.007528179583559864
0.0036339337627912275
0.023005408169247305
0.025166418607474844
0.021974491041216734
0.019576374022353
0.5634060535595439
0.05724546226005081
0.5415840335388377
0.07163990182535972
0.01846202124271126
0.016107028034620968
0.03433977029577924
0.3126681679363255
0.012687469484128636
0.009463213716376631
0.012034744396477321
0.013860599804773983
0.058450909299333345
0.4198446325904436
0.008901185495098676
0.6114973040032398
0.00370798806957202
0.006634995833567817
0.018353600612212105
0.013359028535017695
0.038421205460449366
0.008805924510179773
0.018802196734634874
0.22514720394439483
0.020961783048633425
0.036001622479811896
0.4229590070704208
0.017134433797956393
0.833814918460697
0.017510262393502514
0.019430798882578766
0.026282433114597322
0.012823022447279798
0.01156407128999797
0.030127961326830637
0.49840602991729877
0.0037770090355196987
0.00926597899405465
0.03724624090963367
0.015953962292148162
0.02982307085453126
0.030428071851642945
0.33839494800375225
0.01689552005096411
0.016954957709952045
0.009036274654718318
0.014514457399527012
0.012490331662533704
0.21134387467304536
0.012104290430103292
0.00568690854100483
0.012154591168110311
0.015684895263227364
0.005940402044480112
0.004261572619796196
0.00491572895698778
0.012592125386375776
0.0030173248890410973
0.4874274658102942
0.03988318098932929
0.021358709191554474
0.4483004153710301
0.664414699138842
0.015060146546781675
0.005173401182106693
0.06106171788207411
0.004261572619796196
0.012856017557066786
0.01003154106722429
0.015204057418564641
0.02346312421175869
0.008852279775574382
0.019399519338798826
0.41879530652654284
0.011998086882972627
0.052098912155238285
0.03212751892823301
0.022432852231549394
0.03569774865369296
0.015585975829104504
0.016889214842618412
0.4923581649873148
0.39797907162907714
0.04824890019808395
0.3365918162190655
0.025009057394717437
0.09916178073172308
0.032973821510664726
0.028752043400235964
0.01871236254061265
0.009154054398466177
0.02262616673173034
0.007931866869464984
0.04194345483270012
0.008599970719827333
0.06308190866895007
0.012338069855492198
0.003729186811818884
0.024744138671057538
0.022702560898822013
0.02132227239878058
0.008818780614325991
0.010151383399751227
0.024259480611965478
0.04966758645078364
0.009579063092840448
0.04249260924056462
0.006238314123580601
0.03178623438112816
0.6127505246705539
0.670288883424671
0.002833714324437291
0.003804449793253373
0.019558339849724386
0.10412010185796525
0.018266538663277994
0.025386198655581685
0.18968856139928572
0.0389261586608243
0.025616504700231444
0.8386978942851364
0.008916464768396793
0.03697553398159341
0.03127612830916907
0.037128678056927246
0.594122513627267
0.04659485289922352
0.0569366882311629
0.005098276421306912
0.020261264232907042
0.9061910715737408
0.003916431269406143
0.6655868540989083
0.4442023716455075
0.014701045634672595
0.005850642465107232
0.00994158412100829
0.026926603325077188
0.6959715759256991
0.04393008532982679
0.450650879254257
0.33583182572448506
0.03847293795534072
0.02100359745290755
0.016192084985645602
0.42207158269051054
0.026171834418121463
0.0250017919918504
0.2506727758787421
0.004877906317500393
0.10000038395834591
0.056625971372907695
0.015163398541905364
0.2224970781154167
0.0466782726686197
0.02486396795913092
0.0456702995995326
0.025795656814523442
0.04781348299056615
0.007861293070686256
0.956615578058769
0.03811912673188535
0.03687554507117975
0.026086082709814776
0.026480913411460253
0.046410738162021584
0.009990295367271864
0.08017800476962092
0.024912938986216784
0.013302773373321126
0.007306177437090563
0.014957717837080425
0.3580664454321696
0.35887329220572467
0.04830188729931365
0.004004687270759958
0.004915115955251686
0.021876508623003284
0.002187832821411732
0.010581499141362354
0.017406208678077333
0.6278818097167368
0.9790429913147022
0.03907201197000962
0.01545494555722175
0.43891746047840435
0.036144406513684155
0.004184590267968967
0.016234469685156364
0.03589567257416439
0.010972131007819448
0.0209772319313426
0.010170548279677205
0.034624108105198746
0.0274195984784089
0.009035159382991698
0.0034780054089003174
0.021982396453270426
0.021493760016888994
0.03615251904484804
0.017966225306691112
0.02837784760151829
0.05513680550560518
0.028359452361276953
0.19997349200747455
0.009846915067817708
0.009954842818782087
0.35160220880445947
0.022334378606821647
0.490586210641929
0.026015093750803416
0.03422803954842862
0.0209772319313426
0.04873117214420987
0.03353095256331614
0.022137157453447524
0.01369142476489473
0.0257207835052331
0.020627333320160837
0.08256620664247959
0.024792323261278715
0.017172930544943298
0.20759480109244255
0.012801908529218304
0.03479123834759731
0.013524314636850287
0.007080985889886389
0.07826804405403759
0.020897162868414434
0.009934426361622478
0.016661219195062076
0.012911182267491224
0.01730373369920349
0.39048114530945777
0.01625344094478102
0.020203829387919266
0.017083112390784822
0.05883542936280879
0.015359297575337981
0.029983085451805593
0.026958377036930888
0.03216745744566163
0.034140833828014784
0.01952086297903815
0.009800906922082724
0.006661194695161836
0.5729280140420037
0.0161976342407544
0.013987977986103345
0.009556461609589376
0.030777444866249986
0.027679122408106948
0.026951272358584574
0.036490190246572185
0.3765033348809963
0.02906285481217766
0.042788206445095976
0.03676082677914103
0.024873047092632876
0.009532648714316496
0.019823800384242755
0.04779445880289294
0.0209772319313426
0.020283088811047564
0.0572123508932129
0.11425289395812407
0.03144320794683797
0.01455621912462587
0.046595783335092296
0.012993438631316447
0.013989246330187778
0.005969002977505113
0.025782549931464508
0.0213138252146081
0.01982123207603911
0.019512903059474243
0.22009183405030067
0.00536975940196173
0.0037555690539711017
0.06250642393430765
0.007564594668921157
0.028769987442650087
0.03704347609798487
0.03630577331694419
0.027746350998434536
0.007208575675862289
0.03284986832781605
0.038333584265885796
0.3825361050899353
0.037356473895668714
0.0057962243521080545
0.01826767494179404
0.01337420355286902
0.03980448462669737
0.0024916447261367955
0.007114927364009316
0.013419362213245072
0.0323398196392211
0.01564981282268062
0.03650958906671546
0.03319572308653725
0.025794350973426486
0.015515376427029624
0.011009961801672212
0.029431544313832117
0.021303661649364095
0.5898560162000215
0.5697417478116867
0.024925220608307815
0.04728993254165643
0.029428797288768908
0.01893614103886795
0.05942786946233093
0.054623959703612016
0.012644563399245221
0.022009617665996014
0.024032702124569014
0.040143805376437615
0.2862606830315021
0.011054169692045113
0.012856017557066786
0.848161944718352
0.06047893067755578
0.0063825477200461535
0.014444754690699333
0.035215922155047846
0.0300685461811271
0.3990858192386745
0.006044135941160489
0.008697102548850427
0.06970177443198466
0.006940955083131361
0.017579632859092243
0.01836446842911388
0.39097407659913486
0.6996447081283154
0.14562331684208155
0.04194345483270012
0.03193247815292317
0.0176817789382006
0.013188450214345494
0.01058187571040875
0.06872186035727441
0.011825618141590598
0.014969872867004054
0.02615162523035717
0.011021017816521823
0.027726214131335497
0.012271311507638298
0.007909236191541658
0.31204558515792663
0.01826134815456421
0.02054551673764394
0.09399163983967222
0.0037762661438302805
0.010783762672748798
0.006925332590778466
0.0209772319313426
0.0154999698375339
0.02672037432480391
0.008965430943156107
0.00834099519748478
0.01862528126678401
0.021828767330558125
0.0529620962123566
0.004634960009964715
0.01235224280661049
0.021303285190609436
0.009752327909372943
0.0209772319313426
