0.3359443
0.0605713129
0.055382058
0.0635388047
0.259760082
0.06951761
0.0255431682
0.00696957763
0.0313946865
0.0355774239
0.002708259
0.095592
0.6212493
0.118418321
0.0826253
0.0678022
0.277237177
0.0203564353
0.227831677
0.08324005
0.132335216
0.463689417
0.014498218
0.573891938
0.00413310435
0.0939953551
0.04326653
0.0386753976
0.3139099
0.008453871
0.324031562
0.582574844
0.0505678058
0.417901
0.05944633
0.005497465
0.0291074831
0.0309310127
0.290458947
0.0220112223
0.0436084419
0.0908443555
0.0598005839
0.5826118
0.0194866136
0.08882621
0.325739652
0.0396970324
0.0878941
0.176554382
0.410488337
0.0382970944
0.102933563
0.0406873971
0.03541734
0.107372224
0.0170640871
0.009146962
0.0172081683
0.0132499142
0.0695948
0.0279744919
0.2206588
0.07122745
0.147345
0.190844983
0.08727589
0.135417014
0.79624325
0.8442419
0.04269179
0.007999662
0.0246068388
0.174409419
0.015483899
0.09759112
0.098455064
0.0877011
0.0532353967
0.11933051
0.120233431
0.08873833
0.07342424
0.0114786187
0.0292201377
0.213731363
0.0588927045
0.00507494947
0.469123632
0.0501089171
0.0119034359
0.201832667
0.0464147367
0.0213585515
0.282267749
0.0132814432
0.009468492
0.0430224836
0.255861044
0.0345062353
0.0569207557
0.0152733233
0.00203243271
0.00841441
0.0253094714
0.04518931
0.01513076
0.1491245
0.0404907838
0.0190156773
0.065115355
0.0262056738
0.01744062
0.0682437643
0.0166012738
0.0246335734
0.0510107726
0.0357960872
0.267489076
0.0156038692
0.0441092066
0.0077470066
0.202053949
0.0602875762
0.05654098
0.0351084955
0.0841783
0.0162080918
0.0153211709
0.0600464046
0.136331856
0.290902585
0.00832129
0.0168498624
0.259458542
0.2709377
0.0674379542
0.0179168209
0.06258181
0.0275547747
0.005542736
0.08677535
0.0255497
0.04157422
0.0320327878
0.0130137652
0.00186402013
0.06403616
0.06889686
0.180983812
0.0374471
0.0256551336
0.00665546069
0.102998473
0.039797172
0.0278758481
0.493054956
0.07395701
0.659809947
0.447013378
0.053078644
0.015541208
0.0165286884
0.298383147
0.00885082
0.179541767
0.0349445678
0.07201796
0.009606268
0.119332947
0.0250754729
0.0295534115
0.0459784269
0.00668517826
0.6616827
0.161879927
0.0400245264
0.08298265
0.0125951422
0.0279425215
0.0171739589
0.00645542936
0.010219316
0.02163349
0.418450445
0.325249851
0.0442926772
0.02383377
0.05989946
0.2654239
0.008094634
0.185536623
0.029695766
0.6893031
0.20442158
0.010587723
0.06645709
0.3223759
0.0736259148
0.0152600044
0.0767713338
0.436944842
0.0447266437
0.4695326
0.7916561
0.0126521271
0.06035613
0.0510665178
0.0547102764
0.0174571816
0.9997293
0.102806978
0.1551233
0.4420675
0.07047403
0.00368510536
0.02181311
0.14831394
0.05600005
0.124794386
0.036846377
0.138989985
0.07278196
0.0942332149
0.0118284943
0.1470488
0.17489998
0.0787905157
0.3175953
0.6787764
0.05350099
0.218384981
0.2895453
0.0454704165
0.127548888
0.5021594
0.805026233
0.0499300323
0.419608
0.156852826
0.6459315
0.04954958
0.06265779
0.157104209
0.151998356
0.344734639
0.118596122
0.03277987
0.0266984627
0.0102063473
0.0219663288
0.223643184
0.165590346
0.0223611332
0.03101617
0.12471094
0.0198255759
0.263650984
0.04563054
0.03035289
0.129305169
0.399232984
0.0270825811
0.0475700274
0.0276980679
0.019403303
0.05492317
0.022683572
0.0445618741
0.236308739
0.247835577
0.6909121
0.139538571
0.19390896
0.05492078
0.0101419631
0.111538745
0.052619528
0.0226441957
0.207103446
0.006016415
0.261565983
0.0107329739
0.129190877
0.00789688
0.0759397745
0.5451847
0.0161476675
0.0295968074
0.0245171376
0.289827883
0.17761831
0.0104986308
0.253573745
0.0245582722
0.0243105236
0.243586779
0.0197762158
0.312471151
0.008832998
0.1287112
0.258578628
0.07424116
0.0183050726
0.0188107714
0.0824130848
0.0249862559
0.136155635
0.06602247
0.8997279
0.296980143
0.008220356
0.00223883754
0.06054673
0.0386652723
0.009011708
0.05533804
0.02990931
0.159155726
0.05027883
0.145306155
0.00718644354
0.5457636
0.3397342
0.0504691452
0.0815627947
0.39895007
0.0207384434
0.149443179
0.07425909
0.07179194
0.191745013
0.08148318
0.3426564
0.189419568
0.0436386056
0.175554439
0.1914768
0.14094153
0.125310659
0.2727527
0.0056721014
0.387916
0.0821834
0.136069492
0.07158605
0.1774002
0.133640036
0.03265526
0.00550506031
0.0407367833
0.05987351
0.17646873
0.002506064
0.21008721
0.013827662
0.0329064243
0.0458697677
0.07837954
0.374691516
0.161575317
0.043881394
0.108195208
0.0160107724
0.0273880847
0.307245255
0.100309208
0.03474493
0.193520486
0.05942334
0.181397721
0.0120732421
0.0723336
0.02092256
0.0257876553
0.0123279924
0.3838579
0.008664771
0.0619865358
0.06394222
0.06124254
0.0378048643
0.69675374
0.0580019
0.06608472
0.136004761
0.01350658
0.410353184
0.280423254
0.01786136
0.121682733
0.17501767
0.1344622
0.222105712
0.309431285
0.0553497374
0.0679613352
0.0505712554
0.0292115845
0.17174089
0.0268917456
0.211361945
0.1894766
0.0165131278
0.190846264
0.0135395881
0.236036584
0.0132975373
0.0874814242
0.010315598
0.0144538172
0.0154265305
0.0759133
0.105197914
0.034727037
0.124794289
0.03826349
0.0211584549
0.0409536548
0.0269643981
0.0328320265
0.0270433631
0.0458328836
0.02105039
0.102830343
0.007034776
0.136510044
0.592857957
0.184295371
0.02701583
0.05220182
0.034705
0.0104089463
0.00614367938
0.110935993
0.0571355224
0.3389627
0.106902763
0.122913472
0.0185154025
0.188134447
0.1791195
0.0023095333
0.05274982
0.0693787
0.0291948114
0.06735845
0.03471894
0.110549137
0.0743595362
0.135321036
0.3193186
0.280314237
0.0259158853
0.0220251661
0.0106171016
0.002444329
0.0288704969
0.144000888
0.0140642524
0.09480352
0.07442612
0.010650917
0.0162113551
0.269422233
0.169221
0.126156673
0.06725067
0.04650662
0.409297556
0.178545177
0.0566153154
0.0850834846
0.00898337
0.11258062
0.264726222
0.0119150057
0.06319345
0.00767393131
0.0429080576
0.1361269
0.03430843
0.07988759
0.0243917312
0.004091557
0.0189276766
0.07411219
0.0449402854
0.0439770333
0.4463289
0.00176100724
0.02548987
0.0656727552
0.2586617
0.365914136
0.171420857
0.0199977215
0.009855507
0.0408970676
0.0898360759
0.06505478
0.0414414
0.0123732509
0.186882228
0.0332302935
0.6002202
0.008388017
0.06853929
0.215010643
0.0116568683
0.06030645
0.0473644
0.03417247
0.05878556
0.012089585
0.0458113439
0.03560117
0.05615173
0.03664812
0.00626758626
0.0180835687
0.03492236
0.129604
0.00488727866
0.0254098531
0.0474134125
0.154732779
0.02260873
0.01473722
0.0491892323
0.0536168031
0.0161600783
0.078495346
0.117879428
0.0356152654
0.0400001332
0.5686945
0.110636018
0.0796394944
0.0111304428
0.293560445
0.00690951245
0.352348328
0.114531308
0.1449736
0.0295085274
0.0310068186
0.0239778161
0.0412933119
0.0154455043
0.0193237811
0.219081759
0.186232433
0.01965085
0.0226911
0.222412258
0.04102423
0.00909624249
0.0433741175
0.03652076
0.119746715
0.01719599
0.4575927
0.118991412
0.230240822
0.121799909
0.06746012
0.102905639
0.0150497006
0.129067019
0.035052143
0.0308910478
0.164029539
0.0606822334
0.0212406
0.03078742
0.0407310762
0.0323889144
0.048193574
0.0370536856
0.294456661
0.00649426226
0.0115635591
0.152341932
0.007291304
0.0286885574
0.0499808975
0.0224702843
0.015715478
0.06835171
0.149360046
0.115698934
0.09537634
0.0344839
0.1300205
0.08903559
0.0179853588
0.0479100645
0.03143025
0.0557414964
0.253616333
0.0200035051
0.03363409
0.0547063276
0.147377461
0.206795141
0.0967925042
0.01243373
0.00974219851
0.1935966
0.129346371
0.0835641548
0.164436013
0.0315031223
0.02547882
0.0139413094
0.103657641
0.01665929
0.01270948
0.013531493
0.101368412
0.136323035
0.0474939868
0.07499404
0.009122101
0.0281820763
0.0220576264
0.0138213271
0.004192702
0.0325231776
0.0173060633
0.00244298461
0.00180007925
0.0183548611
0.0449129455
0.0228232518
0.0276818313
0.0286610257
0.0294996276
0.244975284
0.0255626664
0.0123951379
0.05230652
0.0262008235
0.3253206
0.0441803075
0.0230573639
0.0285131652
0.0351841152
0.116202444
0.00491008442
0.168708771
0.08525762
0.0150412209
0.0268261731
0.0386375
0.0580099039
0.0470090732
0.0253719836
0.0243846588
0.0492198654
0.003336188
0.0600758344
0.02235187
0.0146569489
0.0053926087
0.03032321
0.05647437
0.0316101238
0.017075
0.09616012
0.003826323
0.132054538
0.144722119
0.0190171562
0.053511288
0.04880784
0.154190511
0.0265173316
0.0553625636
0.104544938
0.08022262
0.011589353
0.40233624
0.0913832858
0.01502636
0.0997808948
0.0561742969
0.03464239
0.06604119
0.09506099
0.0076899454
0.0793492049
0.289979815
0.0170528144
0.0999492854
0.0205094684
0.0485492051
0.00657426426
0.0810353756
0.08049563
0.0388947353
0.00608846825
0.0147017762
0.0107796378
0.02749924
0.006865407
0.0159334168
0.125590682
0.0245990772
0.004088791
0.02135195
0.01703937
0.0431542955
0.009881682
0.0260329582
0.2636544
0.06979961
0.0363578051
0.0267943926
0.0471068546
0.07245204
0.0457994342
0.000719212869
0.06759323
0.0212760344
0.0285881963
0.111935452
0.149867147
0.011346505
0.0255719926
0.0411399156
0.0524185821
0.215634763
0.00129962573
0.05357193
0.0204033647
0.12601766
0.05238261
0.09830037
0.0850679
0.009876063
0.0163568929
0.04213509
0.113935322
0.195441663
0.234104455
0.0167452618
0.0223639645
0.136142686
0.0105860326
0.0108049968
0.0447767451
0.140328437
0.07158348
0.03064199
0.017211413
0.05376399
0.0255886335
0.03411464
0.08109713
0.126006022
0.02054897
0.0326612629
0.0477752462
0.0167856142
0.006243414
0.0466250069
0.00735074328
0.0436383821
0.09328419
0.0163153224
0.07079292
0.0298450645
0.147448719
0.165387928
0.0181972124
0.00606595958
0.06478618
0.0337074623
0.018065419
0.0122409826
0.249604627
0.016277954
0.0203763079
0.345825762
0.00582169043
0.08507997
0.1122099
0.0101996018
0.0134827131
0.0419710651
0.0220809653
0.0486241244
0.00348125631
0.0593924448
0.00168314762
0.2003709
0.0389162339
0.013498513
0.02588973
0.233953938
0.006416681
0.0262894873
0.0441272
0.02286665
0.00542464945
0.0436854064
0.0485115647
0.0116699245
0.00598192774
0.0334670059
0.0167688038
0.0569426827
0.1088904
0.0159902014
0.07754183
0.07191116
0.0188331511
0.0612947419
0.0171567742
0.0384746827
0.0076920935
0.263101876
0.006877979
0.0977295861
0.082272
0.05342812
0.140149161
0.143757522
0.170747474
0.008152345
0.0868163
0.0285220556
0.123234488
0.0370816737
0.007818049
0.0111642163
0.0142247342
0.0077177193
0.0377733
0.0724343657
0.0429694057
0.0569938645
0.0653444
0.00429499475
0.0122605367
0.00215524156
0.03224478
0.234349892
0.00316801225
0.1982464
0.247775659
0.0103893057
0.0406419449
0.100279331
0.0619375743
0.0222236644
0.00494297827
0.0514277853
0.00458457647
0.0544036962
0.1254194
0.06076473
0.0274691377
0.00795821
0.143976435
0.05080776
0.08024137
0.0106719444
0.005877762
0.07421764
0.006052804
0.139369369
0.0146304956
0.14375326
0.122869126
0.06171741
0.0231652725
0.0730600059
0.01818285
0.0378828123
0.00169371977
0.121654533
0.0564143136
0.02605484
0.0101323677
0.2736767
0.0593856573
0.186169028
0.0276501179
0.0352801345
0.0128660426
0.018007258
0.112181313
0.0162254814
0.00712500466
0.0162275638
0.0223158579
0.015084249
0.0494844727
0.04881913
0.009939652
0.0872309059
0.0342873819
0.0008329537
0.0162675772
0.0175112914
0.0618219
0.0213744529
0.0967543349
0.08133971
0.0356453136
0.0269990955
0.102974743
0.0106770331
0.2578715
0.00229256833
0.003669026
0.0526294746
0.08894378
0.13612175
0.02486124
0.0408456363
0.0224575046
0.0154855708
0.0479401238
0.0144811682
0.03197387
0.0349704
0.0411494263
0.00586603256
0.378145963
0.00630584452
0.0197182074
0.202687055
0.0008068573
0.119400181
0.0303533226
0.0109727308
0.0172998086
0.0112165464
0.0285171568
0.02982381
0.466576964
0.05717092
0.203749344
0.07057294
0.006389169
0.0315586142
0.0531503335
0.0886078849
0.008612117
0.263991952
0.190631151
0.0381250568
0.07653877
0.123707026
0.0522619747
0.038946528
0.0295136925
0.0501716323
0.12539719
0.0291221477
0.00363508658
0.013641499
0.124832422
0.292024374
0.0263136923
0.0241053142
0.01721817
0.0164957885
0.011182284
0.5656713
0.187213436
0.0525681637
0.6078816
0.00171133317
0.106632322
0.07228589
0.445665836
0.00706285
0.208907336
0.6344328
0.308493733
0.336440235
0.044369068
0.0360763855
0.644686
0.597631037
0.60754627
0.041419927
0.0549492873
0.145236865
0.0358151123
0.103233047
0.3898728
0.3897464
0.747618854
0.0516761653
0.03893363
0.02674983
0.222109124
0.005220548
0.05214354
0.367924929
0.754429638
0.173538551
0.20751901
0.659246147
0.31525895
0.423457235
0.0697548762
0.488120764
0.121643096
0.292815864
0.213685542
0.27934888
0.221872717
0.0468112081
0.08972477
0.2021092
0.244720653
0.2342186
0.583413839
0.0155844232
0.168559656
0.4090255
0.08878012
0.197331265
0.104937755
0.163251728
0.0446369275
0.035393063
0.372704148
0.229863286
0.036385566
0.127159774
0.174393117
0.09342716
0.188749
0.008908988
0.115486205
0.0176119767
0.32834962
0.61735034
0.2787349
0.132099956
0.0393041372
0.08403189
0.256695539
0.2277941
0.0118688252
0.2412148
0.311601669
0.32241118
0.107831463
0.05046296
0.007804446
0.240061015
0.42879656
0.312609583
0.0965066
0.0190518554
0.0443416461
0.0614613146
0.08292221
0.300931334
0.04439755
0.112190455
0.0120670805
0.189398989
0.10548947
0.07952342
0.08859745
0.022198217
0.25356704
0.354986
0.008697265
0.4050731
0.5208147
0.0210901778
0.305665344
0.113740779
0.238681272
0.152383536
0.01917469
0.0369326249
0.198200017
0.06098684
0.114117667
0.03208917
0.5520619
0.0234976858
0.1311516
0.0113750491
0.01919507
0.05965207
0.0150139891
0.07207815
0.05641691
0.616269231
0.673961043
0.0312856957
0.11075937
0.249076381
0.4473594
0.5113098
0.094946444
0.0238236953
0.07356755
0.0178830624
0.100862481
0.74568665
0.199271649
0.3645935
0.7009502
0.03198878
0.477458119
0.07260644
0.0250910632
0.0116636325
0.186622515
0.0263492037
0.233745024
0.028373329
0.09679368
0.7873249
0.07482628
0.05707442
0.0520008728
0.216911122
0.0334735177
0.07251392
0.215061873
0.06788819
0.0112391794
0.0606177524
0.0511172
0.09705947
0.0231565349
0.155968443
0.35229516
0.6443374
0.16648443
0.00384197873
0.0153043568
0.0440877751
0.159457952
0.8940294
0.191307023
0.0122679295
0.3466496
0.187169328
0.5359591
0.356049865
0.0181614123
0.733561158
0.12231867
0.485037953
0.209650934
0.6737047
0.27047497
0.018933285
0.07517073
0.122685671
0.579354942
0.275937676
0.549263954
0.42718944
0.108501665
0.104965359
0.03164164
0.022056466
0.122202218
0.0226758868
0.0470406562
0.00749491854
0.105944
0.00957903
0.035250403
0.2024179
0.00586058
0.01402082
0.00888694
0.562548459
0.0039480594
0.111941114
0.0232935436
0.04098013
0.03401818
0.5903782
0.150340989
0.0307459664
0.051863458
0.0126891192
0.0204841644
0.0382858068
0.10765662
0.019848248
0.372930318
0.01694199
0.10747014
0.0307178348
0.004083553
0.0248943027
0.264961034
0.0337663
0.0164841656
0.05187547
0.09486574
0.008584831
0.07190016
0.03141617
0.0213335641
0.454747319
0.0614579543
0.0310671814
0.04461279
0.0306367613
0.0255993549
0.03600732
0.008698572
0.05297796
0.0162368678
0.005643641
0.111617774
0.00259701861
0.0984832942
0.0849828646
0.06483405
0.397521049
0.0699980259
0.00715277158
0.749913752
0.0178604871
0.527935147
0.2482563
0.920139253
0.07897687
0.226488546
0.371421963
0.0240749158
0.0748471
0.0257210378
0.236356243
0.106038779
0.524350166
0.149244636
0.0788811445
0.0526068546
0.403170347
0.04015292
0.0199444983
0.101671129
0.03403775
0.00254353369
0.0569027625
0.0156029
0.427639484
0.0116694244
0.005373701
0.07793935
0.07487877
0.0252179187
0.0212829132
0.00340546947
0.08381445
0.112386279
0.0533539876
0.3786162
0.158031225
0.0109897209
0.008233583
0.0569277443
0.02848024
0.4835241
0.215293467
0.0207566414
0.0432662927
0.171516463
0.05024814
0.0513466671
0.0300155431
0.181682274
0.334540665
0.126346186
0.0100630242
0.195960864
0.0096235
0.244733408
0.218845069
0.04892965
0.0623484366
0.2044641
0.004936545
0.3975255
0.09990426
0.164258912
0.08005964
0.02134401
0.00740833255
0.0289524477
0.02169691
0.00534392567
0.09651482
0.142056972
0.2745703
0.0266127121
0.01411272
0.0297272615
0.112470783
0.291406184
0.0326190926
0.0113793276
0.000675345538
0.07860637
0.387933344
0.04169673
0.143936947
0.127173081
0.0114651965
0.04582991
0.176456854
0.0209604129
0.0143898325
0.02585699
0.005164619
0.0216698032
0.0292089414
0.00589676574
0.0320872255
0.0152080487
0.04336099
0.00380964065
0.114134267
0.008332115
0.1844674
0.00673242938
0.03915386
0.0326356031
0.044555936
0.0127590513
0.08603788
0.008347041
0.0129641434
0.029213801
0.269825876
0.198265061
0.579823256
0.0156071521
0.022186717
0.0167282578
0.0357632
0.023146715
0.007664877
0.0103687737
0.0113692041
0.00304722018
0.101332083
0.07197311
0.118057087
0.07034879
0.00674156845
0.102112696
0.0439731
0.110981226
0.0465836339
0.002165919
0.00924934447
0.004906006
0.06694064
0.0500560477
0.0162060149
0.00323747029
0.003310877
0.10041146
0.0291128531
0.0301233381
0.0324606448
0.0394386
0.05944151
0.100245371
0.0213405788
0.04938924
0.718414962
0.365042627
0.131349444
0.0103494758
0.237514809
0.05441495
0.006306134
0.06329584
0.0152908759
0.0500871465
0.01023513
0.0140385507
0.0214386433
0.03471544
0.122286744
0.0214112345
0.0224399269
0.04343493
0.0313785858
0.0609473661
0.08097767
0.0845995
0.0171708968
0.00454451563
0.236507162
0.0079346085
0.109369375
0.0305292569
0.0212432165
0.03593817
0.0209216569
0.0446660332
0.0185763184
0.057995446
0.114975348
0.0179336369
0.0224008374
0.010332739
0.034214627
0.0449758731
0.00355578377
0.0372957066
0.0128685748
0.0768991858
0.0213664453
0.036400944
0.0217395332
0.05120232
0.0422388762
0.188921466
0.009402114
0.0027803015
0.132592782
0.0114078606
0.008635113
0.02673295
0.033650808
0.0345625244
0.0315950923
0.2091473
0.0417418256
0.124809153
0.143883958
0.0300112125
0.0536305681
0.0178930387
0.03648938
0.06163312
0.007490127
0.01318158
0.0202116631
0.0210886747
0.0138114784
0.0527131855
0.1381033
0.0498634875
0.0251212511
0.227013573
0.0280184876
0.0149020171
0.0235940628
0.005034019
0.0126999319
0.02713957
0.01706804
0.008059762
0.009451234
0.0529076122
0.0355489
0.11501202
0.036034
0.183154777
0.0576056354
0.0613904633
0.158111989
0.02295175
0.0291453525
0.0417927466
0.0376412123
0.0102256825
0.01140394
0.0251542013
0.07419072
0.122032166
0.0163165368
0.171378523
0.01475379
0.08894525
0.0355937444
0.2661246
0.0135676274
0.00566437747
0.08229278
0.53807
0.015899159
0.284447432
0.584694
0.0206720456
0.155709341
0.0138114486
0.105521835
0.16844745
0.09378496
0.0249353647
0.0550491549
0.149386749
0.0533277541
0.18784301
0.0538750179
0.0505194478
0.03301851
0.04161944
0.0307405926
0.0113656092
0.068174
0.110808589
0.0309297554
0.00607032375
0.006192385
0.0053681233
0.00523833465
0.03837004
0.03861438
0.01348144
0.08079626
0.233511254
0.017573921
0.0141648073
0.0265828669
0.04907085
0.04070525
0.00578330038
0.008615867
0.09830871
0.09543546
0.0440794937
0.0203221422
0.0491393842
0.158513933
0.0280269552
0.05430197
0.966588736
0.0239560921
0.08777916
0.0179235414
0.002006458
0.271166235
0.0384548455
0.03236906
0.0491261445
0.0390839279
0.100613728
0.1258773
0.03838704
0.0336392261
0.01783141
0.138617948
0.00309926388
0.00348710362
0.0310115367
0.04925622
0.167263553
0.0139872134
0.0115115987
0.07249067
0.09810568
0.256981641
0.00627230247
0.0277332868
0.09497495
0.08077098
0.0150776561
0.0192677379
0.01805714
0.0622587726
0.0592772663
0.0300174225
0.0443480946
0.0466147922
0.0238118824
0.022840539
0.03924559
0.0216499642
0.0075691
0.04346793
0.00433771
0.09806896
0.07087063
0.0248225629
0.147471458
0.122965239
0.04517688
0.009990665
0.09270349
0.0199210066
0.0163443666
0.110421509
0.333716959
0.01386388
0.126387417
0.0107581215
0.002443162
0.09118328
0.0782983452
0.05212837
0.0151183959
0.0609996729
0.07295639
0.0109605743
0.114111304
0.0337265655
0.1300769
0.0349183157
0.150094628
0.003728415
0.0540291779
0.03943475
0.129576981
0.0846752
0.08387328
0.0146633293
0.139174759
0.273290277
0.209941551
0.0350641981
0.06987128
0.442026
0.0255760569
0.3223096
0.0225905366
0.0166683365
0.0343062468
0.170565531
0.0159956925
0.219760314
0.0233303383
0.0144965937
0.137583628
0.0441103727
0.0176941957
0.022601964
0.100381538
0.03246135
0.0104000019
0.113754049
0.06540534
0.008006733
0.0366420075
0.189988554
0.163736224
0.03154128
0.114708818
0.00629236037
0.017118182
0.24088037
0.05586326
0.2092881
0.227715686
0.09157828
0.008572636
0.0798408538
0.3046447
0.023132734
0.0383025967
0.06272425
0.0532619767
0.1414195
0.249520123
0.107431591
0.07847549
0.0159341246
0.09803538
0.09120346
0.154605463
0.01078824
0.135876447
0.08350005
0.114940286
0.186783254
0.0254610032
0.110920824
0.0814776
0.07106081
0.0458558835
0.009064806
0.00769543275
0.106887996
0.07112796
0.103593186
0.145212367
0.0293365736
0.0275151525
0.2012061
0.06986514
0.0395963043
0.1115086
0.24406679
0.0439954363
0.07981778
0.0453077964
0.00432203244
0.0307303052
0.0702973753
0.23375918
0.0119131608
0.06915402
0.0368674546
0.00491463067
0.141545773
0.034150362
0.0114087341
0.0154897533
0.08006999
0.15549013
0.0371954478
0.02577694
0.0160063114
0.142469287
0.0187414419
0.0222898927
0.00623224769
0.0309491381
0.09584414
0.111122727
0.0409893431
0.09815851
0.0177969411
0.02154057
0.0583261363
0.213449746
0.0289351661
0.00291656633
0.0486573651
0.04111064
0.009825529
0.239018276
0.0154687986
0.036206346
0.211057723
0.409165561
0.0211593676
0.0316042975
0.0669468343
0.601654947
0.103163458
0.0506719947
0.0135017605
0.01974987
0.212506682
0.130540475
0.486735761
0.124520846
0.158114046
0.0580707081
0.193433017
0.01641547
0.0124295531
0.006342314
0.392208368
0.19099243
0.08065678
0.0952665
0.114344828
0.0366641134
0.015344426
0.02166338
0.0126112765
0.004610621
0.102473959
0.106333226
0.121122412
0.01661141
0.0910259
0.0463059358
0.0016197901
0.08487661
0.1524665
0.04214798
0.0488684364
0.06095859
0.0349753
0.056153
0.1282256
0.016748298
0.0581099465
0.4314219
0.0559081919
0.00147069618
0.039231088
0.0261141285
0.06796296
0.006180435
0.0259090252
0.0377354734
0.007605577
0.8273327
0.002026731
0.00109985331
0.00333433342
0.01655924
0.0412913747
0.0134078683
0.121448942
0.0233547129
0.248478532
0.0226937253
0.144530147
0.0295984354
0.00481578428
0.05468751
0.07712463
0.009938241
0.00747197028
0.0238278136
0.0385219045
0.04206579
0.0144401463
0.0196778551
0.0112873111
0.004270561
0.008404137
0.0129793938
0.131312221
0.02604557
0.04607948
0.0191656817
0.02392633
0.0239444412
0.293974549
0.292460829
0.05594734
0.045585677
0.128366619
0.0396221429
0.06414255
0.0295854211
0.04730065
0.00545567134
0.137200668
0.0635028556
0.00760809146
0.00157897
0.0301041938
0.109379277
0.0386175625
0.137839451
0.0316653028
0.0222939011
0.0401657932
0.217458874
0.1922847
0.116151325
0.02066923
0.178462282
0.09145677
0.0637049153
0.0837586
0.0431689322
0.09070413
0.184878156
0.0262489412
0.0275657289
0.104286246
0.07355851
0.130615026
0.268994272
0.007797661
0.03297153
0.194543242
0.0457820036
0.106385417
0.141176268
0.0230678674
0.00103280158
0.129872918
0.08241695
0.0455355421
0.01548357
0.08148801
0.03842962
0.0315337144
0.148584068
0.124147862
0.175017178
0.1353522
0.0836534947
0.07876837
0.542169034
0.107198291
0.181600139
0.0188319925
0.05109481
0.0530491769
0.125142381
0.0723001361
0.254233271
0.184231371
0.128673941
0.0218629073
0.147749439
0.2570191
0.131269515
0.0132750878
0.346130878
0.0717790052
0.03533681
0.183048368
0.443540931
0.002499989
0.0598265827
0.233244658
0.0583925769
0.011392328
0.058413025
0.100695
0.0683093145
0.160370961
0.0560058132
0.04281539
0.08595848
0.0277460888
0.0308310911
0.0207972229
0.06744935
0.0501941219
0.07328771
0.0628028437
0.201101139
0.0941675454
0.269727856
0.0009255736
0.0489833541
0.07172196
0.0346274637
0.121556908
0.184050888
0.133807987
0.0195496436
0.020509107
0.008233849
0.00289289653
0.0482706949
0.007075557
0.126870036
0.07404343
0.1825071
0.0178881567
0.0588526726
0.042797666
0.037782982
0.0172231589
0.1586284
0.07311031
0.158372849
0.1286629
0.07915788
0.08088406
0.0315551832
0.07674948
0.02833514
0.00205882918
0.0212373417
0.0141300363
0.05860892
0.4379638
0.0125580961
0.656367838
0.506844759
0.268911332
0.02229659
0.00145330257
0.23932828
0.138710111
0.220365
0.00979570951
0.00749087334
0.03621233
0.08026113
0.165931463
0.117206395
0.0114494357
0.09840469
0.00655527
0.00412843749
0.0392353237
0.06574103
0.06401644
0.112859331
0.0203679353
0.0150118256
0.0226341113
0.26733923
0.0220154673
0.0373009853
0.117961846
0.0469569936
0.0927893445
0.0532570034
0.06303215
0.0175368246
0.0413861349
0.0860771
0.0264845677
0.2276686
0.22105886
0.112476066
0.03646078
0.00887890253
0.02929469
0.03225687
0.4390988
0.0305548
0.0414103158
0.159809783
0.113101028
0.15919809
0.0322081745
0.0101074586
0.03834512
0.03329397
0.00349221448
0.0566242859
0.230336741
0.0462678224
0.0183191374
0.04746758
0.06257862
0.024806181
0.04478696
0.113686323
0.0305185411
0.0869523
0.03177066
0.129787162
0.0141932145
0.00744372
0.0113694379
0.007955977
0.0173197947
0.0473091826
0.009417798
0.06978975
0.0580558367
0.2219445
0.0382130072
0.006851093
0.0233931076
0.0365417562
0.06611322
0.0177354366
0.009287619
0.0540774576
0.06580027
0.01572546
0.00129880127
0.008109719
0.222191155
0.0278144088
0.051074557
0.0503266864
0.0308389869
0.0116427736
0.02758291
0.193480372
0.0171892289
0.10699591
0.005556179
0.0135658467
0.00752729224
0.0156272817
0.193106309
0.00463243248
0.0316294469
0.04316088
0.0291950051
0.07830509
0.04404748
0.0123948352
0.04218832
0.04203111
0.0116925966
0.0153312571
0.03744816
0.0245547853
0.01570724
0.14465256
0.06464843
0.09507059
0.009620643
0.0127527211
0.0144828008
0.0135381278
0.05059165
0.0193495378
0.00506150164
0.100067705
0.0237138737
0.00764126331
0.369648159
0.02596742
0.108550385
0.0832902044
0.03712267
0.0470611677
0.004299157
0.112085573
0.0534508936
0.0195132121
0.193750262
0.0378359742
0.06772014
0.07818075
0.0247806683
0.056584537
0.026372293
0.0157589484
0.008733309
0.05308788
0.03831005
0.00265497924
0.03486312
0.06961291
0.0166087914
0.06326324
0.0544932634
0.0549521372
0.0402761
0.03593191
0.204821318
0.2001502
0.0187185165
0.0611116253
0.0656949952
0.0601794571
0.04662355
0.007925224
0.0263412949
0.039061103
0.00853312
0.08401242
0.01605708
0.09255334
0.0103595583
0.205971435
0.0481664836
0.09165024
0.0112510435
0.0247148722
0.0203436539
0.01801368
0.004149684
0.13150157
0.0478371568
0.00571092358
0.044715967
0.08202578
0.0117113851
0.0280539636
0.08299854
0.177303776
0.03535522
0.0222932454
0.01626568
0.01875901
0.0540443249
0.03755778
0.0158969555
0.09060852
0.007708817
0.165954024
0.0583033562
0.009986602
0.0124455392
0.07955563
0.0169060249
0.469860762
0.07827735
0.0279858336
0.0100187985
0.00257739867
0.2627604
0.0200478416
0.00212280382
0.009898704
0.692582
0.007985382
0.0324888974
0.112928361
0.07070717
0.159076437
0.244502753
0.184878081
0.00515252445
0.0213712435
0.03987787
0.08792695
0.04883338
0.090261884
0.00817331
0.0161539577
0.292498618
0.0786041245
0.136332855
0.03859859
0.019795889
0.8267345
0.0281479917
0.04669458
0.05151277
0.01783377
0.0107152779
0.0119468924
0.008524043
0.1101097
0.440389276
0.223728344
0.0624766238
0.0532388277
0.00671848468
0.0257231575
0.0175830852
0.08475605
0.486085773
0.0154134715
0.0248265024
0.273939878
0.294538945
0.663562953
0.0460806228
0.185004532
0.00123684388
0.0890158638
0.0427602977
0.04642091
0.02715331
0.07761654
0.0749435052
0.0193621553
0.0157460682
0.027171785
0.00330888387
0.07080138
0.02956593
0.0497217737
0.3269706
0.6083665
0.192295223
0.0405737981
0.0411726
0.176887736
0.07738657
0.00551762
0.0439845622
0.03904514
0.00738736428
0.04037355
0.02651784
0.0132958582
0.104562446
0.0419835
0.180242747
0.020042982
0.09662434
0.210670844
0.011591509
0.045575548
0.0350862145
0.06329183
0.00823079
0.0684593
0.03894546
0.07184316
0.152766913
0.0695026442
0.0507549681
0.044962775
0.07043692
0.0227773488
0.0110109961
0.347898334
0.06778947
0.160210624
0.04034971
0.08847713
0.1615208
0.0130170723
0.142716184
0.09243816
0.0302017182
0.106345169
0.0256396588
0.08691395
0.382044733
0.0172705743
0.220544383
0.0289040115
0.7288633
0.4847598
0.0493976
0.033885818
0.0201926418
0.3630282
0.009489536
0.03206375
0.06416179
0.0665741861
0.0237363875
0.020941209
0.0104877036
0.0435892642
0.0552239753
0.09220736
0.145943269
0.0615152568
0.0398946367
0.0414242521
0.214056537
0.21651952
0.05407767
0.2670723
0.05895575
0.00467040343
0.0136294141
0.00449526869
0.202150866
0.401873231
0.0975299552
0.2822841
0.197670668
0.268347532
0.0128907524
0.0367362462
0.08607605
0.0350349247
0.102154158
0.275253832
0.00665178755
0.03428324
0.0236367546
0.0180229936
0.08875355
0.6014699
0.00301020872
0.0385194756
0.0166571513
0.0113182478
0.05122272
0.5886475
0.09095401
0.0472464226
0.132194564
0.022662
0.0248558261
0.0212106463
0.09448906
0.0016036965
0.008588131
0.00458804332
0.0176899768
0.5135718
0.13743943
0.00170931
0.246692881
0.0243624989
0.0376225933
0.0227281749
0.000339891
0.0822763443
0.223513633
0.3508399
0.0200619139
0.00767782843
0.0225554034
0.06227952
0.0140798129
0.00253335829
0.05129196
0.0497970134
0.06901272
0.0471639372
0.03100085
0.08795212
0.01557657
0.01917148
0.0720974952
0.00450230064
0.0790224448
0.0245366711
0.08058752
0.0429879948
0.0280656014
0.0385153741
0.0129587995
0.07757902
0.308626443
0.05385794
0.212330341
0.007037218
0.034881413
0.0892991
0.009750846
0.124750026
0.0125263678
0.00793052
0.165293232
0.357861847
0.2589783
0.0341037475
0.249463975
0.108178779
0.0420892425
0.0433684848
0.00270100473
0.00345649314
0.08016356
0.0310063977
0.00980341248
0.170965716
0.009986463
0.1104123
0.393628538
0.135715678
0.0164489
0.1046979
0.03439687
0.0202404037
0.00617178576
0.0315298177
0.0469066426
0.07732544
0.0119576138
0.00272549526
0.00170490611
0.5045571
0.0164323058
0.00550401025
0.0650872439
0.154235646
0.107743777
0.0425699726
0.123878032
0.170724347
0.0966481
0.08501913
0.0281971451
0.0435368
0.047366187
0.00148247345
0.007889726
0.0894016
0.00774292834
0.0167899691
0.007823755
0.336414337
0.05704961
0.05815872
0.012633387
0.161643967
0.00771587947
0.0514275469
0.0299894158
0.00641728938
0.009429148
0.328556359
0.009385721
0.0438752174
0.008388151
0.0258384719
0.2145614
0.0530991666
0.008627051
0.00577053847
0.05862189
0.0444125459
0.0166801717
0.0589745529
0.218725428
0.0196811762
0.00310950144
0.0317080654
0.0424620137
0.141853824
0.067426
0.0860958844
0.1528429
0.04292049
0.002728927
0.009594996
0.122274816
0.05776932
0.0245843958
0.09532845
0.0117548686
0.442065954
0.41046083
0.0133649083
0.00250357972
0.6662166
0.0609406158
0.0123234047
0.00218994543
0.0107696857
0.0338519476
0.002109592
0.08715148
0.127749741
0.0146633293
0.0141944038
0.297819167
0.04780674
0.101220325
0.132000715
0.0160794035
0.0437088832
0.227099925
0.00027957288
0.0126167117
0.0516661145
0.00720170373
0.02056605
0.001710406
0.217057124
0.8271538
0.9991463
0.06710645
0.02691342
0.01780099
0.37441197
0.006065534
0.203900665
0.9091847
0.197629675
0.010829513
0.01715608
0.05100057
0.0590406172
0.0148204211
0.127330408
0.12734738
0.08465221
0.685176
0.003926293
0.04825834
0.00430815248
0.0384469628
0.13771525
0.0161158331
0.04945159
0.04870919
0.0545315258
0.009457388
0.5911647
0.0157150067
0.0379981622
0.04616732
0.00242031645
0.051702
